-2.33699 -1.905
-2.33699 -0.405
-2.33699 1.095
-2.33699 2.5949999999999998
-2.33699 4.095
-2.33699 5.595
-2.33699 7.095
-2.33699 8.594999999999999
-2.33699 10.094999999999999
-2.33699 11.594999999999999
-2.33699 13.094999999999999
-2.33699 14.594999999999999
-2.33699 16.095
-2.33699 17.595
-2.33699 19.095
-2.33699 20.595
-2.33699 22.095
-2.33699 23.595
-2.33699 25.095
-0.8369900000000001 32.595
-0.8369900000000001 31.095
-0.8369900000000001 29.595
-0.8369900000000001 28.095
-0.8369900000000001 26.595
-0.8369900000000001 25.095
-0.8369900000000001 23.595
-0.8369900000000001 22.095
-0.8369900000000001 20.595
-0.8369900000000001 19.095
-0.8369900000000001 17.595
-0.8369900000000001 16.095
-0.8369900000000001 14.594999999999999
-0.8369900000000001 13.094999999999999
-0.8369900000000001 11.594999999999999
-0.8369900000000001 10.094999999999999
-0.8369900000000001 8.594999999999999
-0.8369900000000001 7.095
-0.8369900000000001 5.595
0.6630099999999999 -1.905
0.6630099999999999 -0.405
0.6630099999999999 1.095
0.6630099999999999 2.5949999999999998
0.6630099999999999 4.095
0.6630099999999999 5.595
0.6630099999999999 7.095
0.6630099999999999 8.594999999999999
0.6630099999999999 10.094999999999999
0.6630099999999999 11.594999999999999
0.6630099999999999 13.094999999999999
0.6630099999999999 14.594999999999999
0.6630099999999999 16.095
0.6630099999999999 17.595
0.6630099999999999 19.095
0.6630099999999999 20.595
0.6630099999999999 22.095
0.6630099999999999 23.595
0.6630099999999999 25.095
2.16301 32.595
2.16301 31.095
2.16301 29.595
2.16301 28.095
2.16301 26.595
2.16301 25.095
2.16301 23.595
2.16301 22.095
2.16301 20.595
2.16301 19.095
2.16301 17.595
2.16301 16.095
2.16301 14.594999999999999
2.16301 13.094999999999999
2.16301 11.594999999999999
2.16301 10.094999999999999
2.16301 8.594999999999999
2.16301 7.095
2.16301 5.595
3.66301 -1.905
3.66301 -0.405
3.66301 1.095
3.66301 2.5949999999999998
3.66301 4.095
3.66301 5.595
3.66301 7.095
3.66301 8.594999999999999
3.66301 10.094999999999999
3.66301 11.594999999999999
3.66301 13.094999999999999
3.66301 14.594999999999999
3.66301 16.095
3.66301 17.595
3.66301 19.095
3.66301 20.595
3.66301 22.095
3.66301 23.595
3.66301 25.095
5.16301 32.595
5.16301 31.095
5.16301 29.595
5.16301 28.095
5.16301 26.595
5.16301 25.095
5.16301 23.595
5.16301 22.095
5.16301 20.595
5.16301 19.095
5.16301 17.595
5.16301 16.095
5.16301 14.594999999999999
5.16301 13.094999999999999
5.16301 11.594999999999999
5.16301 10.094999999999999
5.16301 8.594999999999999
5.16301 7.095
5.16301 5.595
6.66301 -1.905
6.66301 -0.405
6.66301 1.095
6.66301 2.5949999999999998
6.66301 4.095
6.66301 5.595
6.66301 7.095
6.66301 8.594999999999999
6.66301 10.094999999999999
6.66301 11.594999999999999
6.66301 13.094999999999999
6.66301 14.594999999999999
6.66301 16.095
6.66301 17.595
6.66301 19.095
6.66301 20.595
6.66301 22.095
6.66301 23.595
6.66301 25.095
8.16301 32.595
8.16301 31.095
8.16301 29.595
8.16301 28.095
8.16301 26.595
8.16301 25.095
8.16301 23.595
8.16301 22.095
8.16301 20.595
8.16301 19.095
8.16301 17.595
8.16301 16.095
8.16301 14.594999999999999
8.16301 13.094999999999999
8.16301 11.594999999999999
8.16301 10.094999999999999
8.16301 8.594999999999999
8.16301 7.095
8.16301 5.595
9.66301 -1.905
9.66301 -0.405
9.66301 1.095
9.66301 2.5949999999999998
9.66301 4.095
9.66301 5.595
9.66301 7.095
9.66301 8.594999999999999
9.66301 10.094999999999999
9.66301 11.594999999999999
9.66301 13.094999999999999
9.66301 14.594999999999999
9.66301 16.095
9.66301 17.595
9.66301 19.095
9.66301 20.595
9.66301 22.095
9.66301 23.595
9.66301 25.095
11.16301 32.595
11.16301 31.095
11.16301 29.595
11.16301 28.095
11.16301 26.595
11.16301 25.095
11.16301 23.595
11.16301 22.095
11.16301 20.595
11.16301 19.095
11.16301 17.595
11.16301 16.095
11.16301 14.594999999999999
11.16301 13.094999999999999
11.16301 11.594999999999999
11.16301 10.094999999999999
11.16301 8.594999999999999
11.16301 7.095
11.16301 5.595
12.66301 -1.905
12.66301 -0.405
12.66301 1.095
12.66301 2.5949999999999998
12.66301 4.095
12.66301 5.595
12.66301 7.095
12.66301 8.594999999999999
12.66301 10.094999999999999
12.66301 11.594999999999999
12.66301 13.094999999999999
12.66301 14.594999999999999
12.66301 16.095
12.66301 17.595
12.66301 19.095
12.66301 20.595
12.66301 22.095
12.66301 23.595
12.66301 25.095
14.16301 32.595
14.16301 31.095
14.16301 29.595
14.16301 28.095
14.16301 26.595
14.16301 25.095
14.16301 23.595
14.16301 22.095
14.16301 20.595
14.16301 19.095
14.16301 17.595
14.16301 16.095
14.16301 14.594999999999999
14.16301 13.094999999999999
14.16301 11.594999999999999
14.16301 10.094999999999999
14.16301 8.594999999999999
14.16301 7.095
14.16301 5.595
15.66301 -1.905
15.66301 -0.405
15.66301 1.095
15.66301 2.5949999999999998
15.66301 4.095
15.66301 5.595
15.66301 7.095
15.66301 8.594999999999999
15.66301 10.094999999999999
15.66301 11.594999999999999
15.66301 13.094999999999999
15.66301 14.594999999999999
15.66301 16.095
15.66301 17.595
15.66301 19.095
15.66301 20.595
15.66301 22.095
15.66301 23.595
15.66301 25.095
17.16301 32.595
17.16301 31.095
17.16301 29.595
17.16301 28.095
17.16301 26.595
17.16301 25.095
17.16301 23.595
17.16301 22.095
17.16301 20.595
17.16301 19.095
17.16301 17.595
17.16301 16.095
17.16301 14.594999999999999
17.16301 13.094999999999999
17.16301 11.594999999999999
17.16301 10.094999999999999
17.16301 8.594999999999999
17.16301 7.095
17.16301 5.595
18.66301 -1.905
18.66301 -0.405
18.66301 1.095
18.66301 2.5949999999999998
18.66301 4.095
18.66301 5.595
18.66301 7.095
18.66301 8.594999999999999
18.66301 10.094999999999999
18.66301 11.594999999999999
18.66301 13.094999999999999
18.66301 14.594999999999999
18.66301 16.095
18.66301 17.595
18.66301 19.095
18.66301 20.595
18.66301 22.095
18.66301 23.595
18.66301 25.095
20.16301 32.595
20.16301 31.095
20.16301 29.595
20.16301 28.095
20.16301 26.595
20.16301 25.095
20.16301 23.595
20.16301 22.095
20.16301 20.595
20.16301 19.095
20.16301 17.595
20.16301 16.095
20.16301 14.594999999999999
20.16301 13.094999999999999
20.16301 11.594999999999999
20.16301 10.094999999999999
20.16301 8.594999999999999
20.16301 7.095
20.16301 5.595
21.66301 -1.905
21.66301 -0.405
21.66301 1.095
21.66301 2.5949999999999998
21.66301 4.095
21.66301 5.595
21.66301 7.095
21.66301 8.594999999999999
21.66301 10.094999999999999
21.66301 11.594999999999999
21.66301 13.094999999999999
21.66301 14.594999999999999
21.66301 16.095
21.66301 17.595
21.66301 19.095
21.66301 20.595
21.66301 22.095
21.66301 23.595
21.66301 25.095
23.16301 32.595
23.16301 31.095
23.16301 29.595
23.16301 28.095
23.16301 26.595
23.16301 25.095
23.16301 23.595
23.16301 22.095
23.16301 20.595
23.16301 19.095
23.16301 17.595
23.16301 16.095
23.16301 14.594999999999999
23.16301 13.094999999999999
23.16301 11.594999999999999
23.16301 10.094999999999999
23.16301 8.594999999999999
23.16301 7.095
23.16301 5.595
24.66301 -1.905
24.66301 -0.405
24.66301 1.095
24.66301 2.5949999999999998
24.66301 4.095
24.66301 5.595
24.66301 7.095
24.66301 8.594999999999999
24.66301 10.094999999999999
24.66301 11.594999999999999
24.66301 13.094999999999999
24.66301 14.594999999999999
24.66301 16.095
24.66301 17.595
24.66301 19.095
24.66301 20.595
24.66301 22.095
24.66301 23.595
24.66301 25.095
26.16301 32.595
26.16301 31.095
26.16301 29.595
26.16301 28.095
26.16301 26.595
26.16301 25.095
26.16301 23.595
26.16301 22.095
26.16301 20.595
26.16301 19.095
26.16301 17.595
26.16301 16.095
26.16301 14.594999999999999
26.16301 13.094999999999999
26.16301 11.594999999999999
26.16301 10.094999999999999
26.16301 8.594999999999999
26.16301 7.095
26.16301 5.595
27.66301 -1.905
27.66301 -0.405
27.66301 1.095
27.66301 2.5949999999999998
27.66301 4.095
27.66301 5.595
27.66301 7.095
27.66301 8.594999999999999
27.66301 10.094999999999999
27.66301 11.594999999999999
27.66301 13.094999999999999
27.66301 14.594999999999999
27.66301 16.095
27.66301 17.595
27.66301 19.095
27.66301 20.595
27.66301 22.095
27.66301 23.595
27.66301 25.095
29.16301 32.595
29.16301 31.095
29.16301 29.595
29.16301 28.095
29.16301 26.595
29.16301 25.095
29.16301 23.595
29.16301 22.095
29.16301 20.595
29.16301 19.095
29.16301 17.595
29.16301 16.095
29.16301 14.594999999999999
29.16301 13.094999999999999
29.16301 11.594999999999999
29.16301 10.094999999999999
29.16301 8.594999999999999
29.16301 7.095
29.16301 5.595
30.66301 -1.905
30.66301 -0.405
30.66301 1.095
30.66301 2.5949999999999998
30.66301 4.095
30.66301 5.595
30.66301 7.095
30.66301 8.594999999999999
30.66301 10.094999999999999
30.66301 11.594999999999999
30.66301 13.094999999999999
30.66301 14.594999999999999
30.66301 16.095
30.66301 17.595
30.66301 19.095
30.66301 20.595
30.66301 22.095
30.66301 23.595
30.66301 25.095
32.16301 32.595
32.16301 31.095
32.16301 29.595
32.16301 28.095
32.16301 26.595
32.16301 25.095
32.16301 23.595
32.16301 22.095
32.16301 20.595
32.16301 19.095
32.16301 17.595
32.16301 16.095
32.16301 14.594999999999999
32.16301 13.094999999999999
32.16301 11.594999999999999
32.16301 10.094999999999999
32.16301 8.594999999999999
32.16301 7.095
32.16301 5.595
